812314425318440961
823922857750560810
823922250826383440
823922085247451216
823922040758075424
823922016876232744
823921979501182986
823921917064904775
813018491401142303
813018292742520854
812711657205006406
812711598695120896
812669784444895292
812669901029507093
812670114717499414
813374444315476000
813333491692994580
812658491742355457
812658844223930388
818360938394419231
818360899399319603
818359445314076672
818279771325595698
818120596218445845
818120346883981333
818120204755271741
818120158140170241
818119858730041344
818118626594521119
818120676056760320
812320177340547143
820020213549498385
820018416558538793
823926974426513448
823925801925869568
813488649710075955
813431990454845480
813431893990572072
813431717476958259
813430749478387722
813430648689655838
823919785631940689
813333435061633054
822147565582680076
822146320365781044
812671124218839060
812670976184811570
812683300069048373
812683252589658132
812683341475348480
812319496878293022
812320009682419712
813436083030458388
813436212655554580
812702461709910048
812702753575010316
813676614340575244
828993015930552360
814388827396243516
812315517511008307
